*FACE
50
1, 4, 5, 4, 1, 2
2, 4, 28, 13, 14, 29
3, 4, 1, 4, 13, 28
4, 4, 10, 11, 2, 1
5, 4, 29, 14, 5, 2
6, 4, 5, 14, 13, 4
7, 4, 6, 5, 2, 3
8, 4, 29, 14, 15, 30
9, 4, 11, 12, 3, 2
10, 4, 30, 15, 6, 3
11, 4, 6, 15, 14, 5
12, 4, 8, 7, 4, 5
13, 4, 16, 17, 14, 13
14, 4, 7, 16, 13, 4
15, 4, 17, 8, 5, 14
16, 4, 8, 17, 16, 7
17, 4, 9, 8, 5, 6
18, 4, 17, 18, 15, 14
19, 4, 18, 9, 6, 15
20, 4, 9, 18, 17, 8
21, 4, 31, 22, 23, 32
22, 4, 28, 13, 22, 31
23, 4, 19, 20, 11, 10
24, 4, 32, 23, 14, 29
25, 4, 14, 23, 22, 13
26, 4, 32, 23, 24, 33
27, 4, 20, 21, 12, 11
28, 4, 33, 24, 15, 30
29, 4, 15, 24, 23, 14
30, 4, 25, 26, 23, 22
31, 4, 16, 25, 22, 13
32, 4, 26, 17, 14, 23
33, 4, 17, 26, 25, 16
34, 4, 26, 27, 24, 23
35, 4, 27, 18, 15, 24
36, 4, 18, 27, 26, 17
37, 4, 29, 11, 10, 28
38, 3, 28, 10, 1
39, 3, 2, 11, 29
40, 4, 2, 29, 28, 1
41, 4, 31, 19, 10, 28
42, 4, 29, 11, 20, 32
43, 4, 32, 20, 19, 31
44, 4, 32, 29, 28, 31
45, 4, 30, 12, 11, 29
46, 3, 3, 12, 30
47, 4, 3, 30, 29, 2
48, 4, 30, 12, 21, 33
49, 4, 33, 21, 20, 32
50, 4, 33, 30, 29, 32

*ELEMENT 
12
1, 6, 2, 3, 5, 1, 6, 40
2, 6, 5, 8, 10, 7, 11, 47
3, 6, 12, 13, 14, 6, 15, 16
4, 6, 17, 18, 15, 11, 19, 20
5, 6, 2, 22, 24, 21, 25, 44
6, 6, 8, 24, 28, 26, 29, 50
7, 6, 13, 30, 31, 25, 32, 33
8, 6, 18, 34, 32, 29, 35, 36
9, 5, 37, 38, 39, 4, 40
10, 6, 37, 41, 42, 43, 23, 44
11, 5, 39, 45, 46, 9, 47
12, 6, 45, 42, 48, 49, 27, 50

*NODE
33
1, 0.000000e+00, 0.000000e+00, 0.000000e+00
2, 1.000000e+00, 0.000000e+00, 0.000000e+00
3, 2.000000e+00, 0.000000e+00, 0.000000e+00
4, 0.000000e+00, 1.000000e+00, 0.000000e+00
5, 1.000000e+00, 1.000000e+00, 0.000000e+00
6, 2.000000e+00, 1.000000e+00, 0.000000e+00
7, 0.000000e+00, 2.000000e+00, 0.000000e+00
8, 1.000000e+00, 2.000000e+00, 0.000000e+00
9, 2.000000e+00, 2.000000e+00, 0.000000e+00
10, 0.000000e+00, 0.000000e+00, 1.000000e+00
11, 1.000000e+00, 0.000000e+00, 1.000000e+00
12, 2.000000e+00, 0.000000e+00, 1.000000e+00
13, 0.000000e+00, 1.000000e+00, 1.000000e+00
14, 1.000000e+00, 1.000000e+00, 1.000000e+00
15, 2.000000e+00, 1.000000e+00, 1.000000e+00
16, 0.000000e+00, 2.000000e+00, 1.000000e+00
17, 1.000000e+00, 2.000000e+00, 1.000000e+00
18, 2.000000e+00, 2.000000e+00, 1.000000e+00
19, 0.000000e+00, 0.000000e+00, 2.000000e+00
20, 1.000000e+00, 0.000000e+00, 2.000000e+00
21, 2.000000e+00, 0.000000e+00, 2.000000e+00
22, 0.000000e+00, 1.000000e+00, 2.000000e+00
23, 1.000000e+00, 1.000000e+00, 2.000000e+00
24, 2.000000e+00, 1.000000e+00, 2.000000e+00
25, 0.000000e+00, 2.000000e+00, 2.000000e+00
26, 1.000000e+00, 2.000000e+00, 2.000000e+00
27, 2.000000e+00, 2.000000e+00, 2.000000e+00
28, 0.000000e+00, 2.000000e-01, 1.000000e+00
29, 1.000000e+00, 2.000000e-01, 1.000000e+00
30, 2.000000e+00, 2.000000e-01, 1.000000e+00
31, 0.000000e+00, 4.000000e-01, 2.000000e+00
32, 1.000000e+00, 4.000000e-01, 2.000000e+00
33, 2.000000e+00, 4.000000e-01, 2.000000e+00

*END
