*FACE
77
1, 4, 2, 1, 4, 5
2, 4, 10, 11, 14, 13
3, 4, 1, 10, 13, 30
4, 4, 28, 11, 10, 1
5, 4, 31, 14, 11, 28
6, 4, 30, 13, 14, 31
7, 4, 3, 2, 5, 6
8, 4, 11, 12, 15, 14
9, 4, 29, 12, 11, 28
10, 4, 32, 15, 12, 29
11, 4, 31, 14, 15, 32
12, 4, 5, 4, 7, 8
13, 4, 33, 13, 14, 34
14, 3, 30, 13, 33
15, 3, 34, 14, 31
16, 4, 7, 16, 17, 8
17, 4, 6, 5, 8, 9
18, 4, 34, 14, 15, 35
19, 3, 35, 15, 32
20, 4, 8, 17, 18, 9
21, 4, 19, 20, 23, 22
22, 4, 10, 19, 22, 13
23, 4, 10, 11, 20, 19
24, 4, 20, 11, 14, 23
25, 4, 13, 22, 23, 14
26, 4, 20, 21, 24, 23
27, 4, 11, 12, 21, 20
28, 4, 21, 12, 15, 24
29, 4, 14, 23, 24, 15
30, 4, 22, 23, 26, 25
31, 5, 33, 13, 22, 25, 36
32, 5, 37, 26, 23, 14, 34
33, 4, 36, 25, 26, 37
34, 4, 23, 24, 27, 26
35, 5, 38, 27, 24, 15, 35
36, 4, 37, 26, 27, 38
37, 3, 1, 2, 28
38, 4, 28, 2, 5, 31
39, 3, 30, 4, 1
40, 4, 31, 5, 4, 30
41, 3, 30, 39, 31
42, 3, 31, 39, 28
43, 3, 28, 39, 1
44, 3, 1, 39, 30
45, 4, 28, 2, 3, 29
46, 4, 29, 3, 6, 32
47, 4, 32, 6, 5, 31
48, 3, 32, 40, 29
49, 3, 29, 40, 28
50, 3, 28, 40, 31
51, 3, 31, 40, 32
52, 5, 33, 16, 7, 4, 30
53, 5, 31, 5, 8, 17, 34
54, 4, 34, 17, 16, 33
55, 3, 34, 41, 31
56, 3, 31, 41, 30
57, 3, 30, 41, 33
58, 3, 33, 41, 34
59, 5, 32, 6, 9, 18, 35
60, 4, 35, 18, 17, 34
61, 3, 35, 42, 32
62, 3, 32, 42, 31
63, 3, 31, 42, 34
64, 3, 34, 42, 35
65, 3, 36, 16, 33
66, 3, 34, 17, 37
67, 4, 37, 17, 16, 36
68, 3, 37, 43, 34
69, 3, 34, 43, 33
70, 3, 33, 43, 36
71, 3, 36, 43, 37
72, 3, 35, 18, 38
73, 4, 38, 18, 17, 37
74, 3, 38, 44, 35
75, 3, 35, 44, 34
76, 3, 34, 44, 37
77, 3, 37, 44, 38


*ELEMENT 
14
1, 9, 4, 5, 3, 6, 2, 41, 42, 43, 44
2, 9, 5, 9, 10, 11, 8, 48, 49, 50, 51
3, 8, 6, 14, 15, 13, 55, 56, 57, 58
4, 8, 11, 15, 19, 18, 61, 62, 63, 64
5, 6, 2, 21, 22, 23, 24, 25
6, 6, 8, 26, 24, 27, 28, 29
7, 10, 13, 31, 32, 33, 30, 25, 68, 69, 70, 71
8, 10, 18, 32, 35, 36, 34, 29, 74, 75, 76, 77
9, 9, 37, 38, 39, 40, 1, 41, 42, 43, 44
10, 9, 38, 45, 46, 47, 7, 48, 49, 50, 51
11, 10, 40, 52, 53, 54, 12, 16, 55, 56, 57, 58
12, 10, 47, 53, 59, 60, 17, 20, 61, 62, 63, 64
13, 8, 54, 65, 66, 67, 68, 69, 70, 71
14, 8, 60, 66, 72, 73, 74, 75, 76, 77


*NODE
44
1, 0.000000e+00, 0.000000e+00, 0.000000e+00
2, 1.000000e+00, 0.000000e+00, 0.000000e+00
3, 2.000000e+00, 0.000000e+00, 0.000000e+00
4, 0.000000e+00, 1.000000e+00, 0.000000e+00
5, 1.000000e+00, 1.000000e+00, 0.000000e+00
6, 2.000000e+00, 1.000000e+00, 0.000000e+00
7, 0.000000e+00, 2.000000e+00, 0.000000e+00
8, 1.000000e+00, 2.000000e+00, 0.000000e+00
9, 2.000000e+00, 2.000000e+00, 0.000000e+00
10, 0.000000e+00, 0.000000e+00, 1.000000e+00
11, 1.000000e+00, 0.000000e+00, 1.000000e+00
12, 2.000000e+00, 0.000000e+00, 1.000000e+00
13, 0.000000e+00, 1.000000e+00, 1.000000e+00
14, 1.000000e+00, 1.000000e+00, 1.000000e+00
15, 2.000000e+00, 1.000000e+00, 1.000000e+00
16, 0.000000e+00, 2.000000e+00, 1.000000e+00
17, 1.000000e+00, 2.000000e+00, 1.000000e+00
18, 2.000000e+00, 2.000000e+00, 1.000000e+00
19, 0.000000e+00, 0.000000e+00, 2.000000e+00
20, 1.000000e+00, 0.000000e+00, 2.000000e+00
21, 2.000000e+00, 0.000000e+00, 2.000000e+00
22, 0.000000e+00, 1.000000e+00, 2.000000e+00
23, 1.000000e+00, 1.000000e+00, 2.000000e+00
24, 2.000000e+00, 1.000000e+00, 2.000000e+00
25, 0.000000e+00, 2.000000e+00, 2.000000e+00
26, 1.000000e+00, 2.000000e+00, 2.000000e+00
27, 2.000000e+00, 2.000000e+00, 2.000000e+00
28, 1.000000e+00, 0.000000e+00, 1.000000e-01
29, 2.000000e+00, 0.000000e+00, 2.000000e-01
30, 0.000000e+00, 1.000000e+00, 6.230000e-01
31, 1.000000e+00, 1.000000e+00, 7.230000e-01
32, 2.000000e+00, 1.000000e+00, 8.230000e-01
33, 0.000000e+00, 1.605136e+00, 1.000000e+00
34, 1.000000e+00, 1.444623e+00, 1.000000e+00
35, 2.000000e+00, 1.284109e+00, 1.000000e+00
36, 0.000000e+00, 2.000000e+00, 1.246000e+00
37, 1.000000e+00, 2.000000e+00, 1.346000e+00
38, 2.000000e+00, 2.000000e+00, 1.446000e+00
39, 5.000000e-01, 5.000000e-01, 3.615000e-01
40, 1.500000e+00, 5.000000e-01, 4.615000e-01
41, 5.000000e-01, 1.262440e+00, 8.365000e-01
42, 1.500000e+00, 1.182183e+00, 8.865000e-01
43, 5.000000e-01, 1.762440e+00, 1.148000e+00
44, 1.500000e+00, 1.682183e+00, 1.198000e+00

*END
